$ 1 0.000005 0.6798259793203881 41 5 50
f 304 240 352 240 32 1.5 0.02
172 272 240 240 240 0 7 5 5 0 0 0.5 Gate Voltage
w 352 256 352 304 3
w 352 224 352 176 3
r 352 96 352 176 0 5
v 176 256 176 192 0 0 40 6 0 0 0.5
w 176 192 176 96 3
w 176 96 352 96 0
w 352 304 176 304 0
w 176 304 176 256 0
w 352 96 528 96 0
r 528 96 528 176 0 5
w 528 224 528 176 3
w 528 256 528 304 3
172 448 240 416 240 0 7 5 5 0 0 0.5 Gate Voltage
w 528 304 352 304 0
w 528 96 768 96 0
w 768 96 768 144 3
w 768 208 720 208 0
w 768 256 768 304 0
w 768 304 528 304 0
r 768 144 768 208 0 10000
r 768 208 768 256 0 1000
O 720 208 672 208 1 0
t 480 240 528 240 0 1 -5.880629907780902 0.11937009216809727 100
s 272 240 304 240 0 0 false
s 448 240 480 240 0 1 false
o 0 64 0 4099 10 0.2 0 2 0 3
