$ 1 0.000005 10.20027730826997 50 5 50
r 256 256 256 368 0 1000000
g 256 96 256 80 0
w 256 368 256 448 1
w 144 256 176 256 0
O 144 256 80 256 1
r 256 208 256 256 0 100000
370 256 208 256 160 1 0
370 256 256 176 256 1 0
w 256 368 352 368 0
w 352 304 352 96 0
181 272 96 352 96 0 334.55279791648866 100 120 0.4 0.4
370 352 368 352 304 1 0
v 304 448 256 448 0 0 40 5 0 0 0.5
w 304 448 416 448 0
w 416 448 416 128 0
w 416 128 256 128 0
w 256 160 256 128 0
w 256 128 256 96 0
p 352 32 272 32 1 0
w 352 32 352 96 0
w 272 32 272 96 0
w 256 96 272 96 0
